now_epoch=0, loss=0.04070949926972389, average_epoch_loss=0.16091891129335595, mode=training, learning_rate=[0.00015000000000000001]
now_epoch=0, loss=0.00788863655179739, average_epoch_loss=0.03343310170061886, mode=validation
Model in Epoch 0 Saved! With Average Validation Loss: 0.03343310170061886
