now_epoch=0, loss=0.09769406914710999, average_epoch_loss=0.047627228420874516, mode=training, learning_rate=[0.00015000000000000001]
now_epoch=0, loss=0.006597893312573433, average_epoch_loss=0.009544192981673404, mode=validation
Model in Epoch 0 Saved! With Average Validation Loss: 0.009544192981673404
now_epoch=1, loss=0.007859372533857822, average_epoch_loss=0.009463677451822958, mode=training, learning_rate=[7.500000000000001e-05]
now_epoch=1, loss=0.03699373081326485, average_epoch_loss=0.012059829350560904, mode=validation
